{
 "cells": [
  {
   "cell_type": "markdown",
   "metadata": {},
   "source": [
    "#   社区发现探索"
   ]
  },
  {
   "cell_type": "markdown",
   "metadata": {},
   "source": [
    "## 1数据读入与图构建"
   ]
  },
  {
   "cell_type": "code",
   "execution_count": 2,
   "metadata": {
    "collapsed": true
   },
   "outputs": [],
   "source": [
    "%matplotlib  inline \n",
    "import pandas as pd\n",
    "import numpy as np\n",
    "from igraph  import Graph as IGraph\n",
    "def getGraph(GV): \n",
    "    '''图的构件，输入的是numpy的数组，如果3表示图是带权重的，否则没有权重\n",
    "    '''\n",
    "    if GV.shape[1]==3:\n",
    "        g=IGraph.TupleList(GV,directed=False,vertex_name_attr='name',weights=True)  ## 构建图\n",
    "    else:\n",
    "        g=IGraph.TupleList(GV,directed=False,vertex_name_attr='name')  ## 构建图\n",
    "    return  g\n",
    "\n",
    "def getStats(g):\n",
    "    '''diameter,density,cliqu_number,avg_path_length,vcount,coef,assortativity,omega,mean_weights'''\n",
    "    return  [g.diameter(),g.density(),g.clique_number(),g.average_path_length(),\\\n",
    "            g.vcount(),\\\n",
    "            g.transitivity_undirected(),## 聚集系数\n",
    "            g.assortativity_degree(directed=False),   ##同配系数\n",
    "            g.omega(),\n",
    "            np.array(g.es['weight']).mean()\n",
    "            ]  \n",
    "        \n",
    "\n",
    "        \n",
    "def GetCommStats(rel_net):\n",
    "    g=getGraph(rel_net)\n",
    "    names=g.vs['name']\n",
    "    weights=g.es['weight']\n",
    "    cluster=IGraph.community_label_propagation(g,weights='weight').as_cover()\n",
    "    if data.shape[1]==3:\n",
    "        pg_df=pd.DataFrame(g.pagerank(weights='weight'),index=names,columns=['pg'])\n",
    "    else:\n",
    "        pg_df=pd.DataFrame(g.pagerank(weights='weight'),index=names,columns=['pg'])\n",
    "\n",
    "    cluster=[line for line in  list(cluster)  if line>6]\n",
    "\n",
    "    columns=['diameter','density','clique_number','average_path_length','nums','coef','pg_mean']\n",
    "    comm_stats=[]\n",
    "    for line in cluster:\n",
    "        pg_mean=pg_df.iloc[line].mean().values[0]\n",
    "        gs=getStats(g.subgraph(line))+[pg_mean]\n",
    "        comm_stats.append(gs)\n",
    "    x=pd.DataFrame(comm_stats,columns=columns)\n",
    "    return x\n",
    "\n",
    "def getClusterStats(g,cluster):\n",
    "    cluster=[line for line in  list(cluster)  if line>6]\n",
    "\n",
    "    columns=['diameter','density','clique_number','average_path_length','nums','coef']\n",
    "    comm_stats=[]\n",
    "    for line in cluster:\n",
    "        pg_mean=pg_df.iloc[line].mean().values[0]\n",
    "        gs=getStats(g.subgraph(line))+[pg_mean]\n",
    "        comm_stats.append(gs)\n",
    "    x=pd.DataFrame(comm_stats,columns=columns)\n",
    "    return x\n",
    "\n",
    "def getCommStats(comm):\n",
    "    '''获取每个社区的特性'''\n",
    "    from multiprocessing  import Pool\n",
    "    pool=Pool(8)\n",
    "    sub_stats=pool.map(getStats,comm.subgraphs())\n",
    "    pool.close()\n",
    "    pool.join()\n",
    "    columns='diameter,density,cliqu_number,avg_path_length,vcount,coef,assortativity,omega,mean_rel'.split(',')\n",
    "#     sub_stats=map(getStats,rel_comm_lpa.subgraphs())\n",
    "    sub_stats=pd.DataFrame(sub_stats,columns=columns)\n",
    "    return sub_stats"
   ]
  },
  {
   "cell_type": "code",
   "execution_count": 3,
   "metadata": {
    "collapsed": false
   },
   "outputs": [
    {
     "name": "stderr",
     "output_type": "stream",
     "text": [
      "/opt/anaconda2/lib/python2.7/site-packages/IPython/core/interactiveshell.py:2717: DtypeWarning: Columns (1) have mixed types. Specify dtype option on import or set low_memory=False.\n",
      "  interactivity=interactivity, compiler=compiler, result=result)\n"
     ]
    }
   ],
   "source": [
    "call_record=pd.read_csv('chapter1data/net_rel.csv',index_col=0)\n",
    "call_record=call_record[call_record.custorm_id!=call_record.cust_b]\n",
    "g=getGraph(call_record.values)"
   ]
  },
  {
   "cell_type": "markdown",
   "metadata": {},
   "source": [
    "### 1.1 描述性统计"
   ]
  },
  {
   "cell_type": "code",
   "execution_count": 4,
   "metadata": {
    "collapsed": false
   },
   "outputs": [
    {
     "name": "stdout",
     "output_type": "stream",
     "text": [
      "节点个数： 5940139\n",
      "边的个数: 12995457\n",
      "图密度: 7.36594395362e-07\n"
     ]
    }
   ],
   "source": [
    "print '节点个数：',g.vcount()\n",
    "print '边的个数:',g.ecount()\n",
    "print '图密度:',g.density()\n",
    "# print '网络直径',g.diameter()\n",
    "# print '网络聚集系数',g.transitivity_undirected()"
   ]
  },
  {
   "cell_type": "markdown",
   "metadata": {},
   "source": [
    "### 1.2  我们只对其最大联通分量进行分析"
   ]
  },
  {
   "cell_type": "code",
   "execution_count": 5,
   "metadata": {
    "collapsed": false
   },
   "outputs": [],
   "source": [
    "MaxScc=g.decompose(maxcompno=True)[0]   ##最大联通分量\n",
    "names=MaxScc.vs['name']"
   ]
  },
  {
   "cell_type": "code",
   "execution_count": 6,
   "metadata": {
    "collapsed": false
   },
   "outputs": [
    {
     "name": "stdout",
     "output_type": "stream",
     "text": [
      "节点个数： 5666396\n",
      "边的个数: 12836014\n",
      "图密度: 7.9955144036e-07\n"
     ]
    }
   ],
   "source": [
    "print '节点个数：',MaxScc.vcount()\n",
    "print '边的个数:',MaxScc.ecount()\n",
    "print '图密度:',MaxScc.density()\n"
   ]
  },
  {
   "cell_type": "code",
   "execution_count": 7,
   "metadata": {
    "collapsed": false,
    "slideshow": {
     "slide_type": "slide"
    }
   },
   "outputs": [],
   "source": [
    "## 可以调节度的大小进行缩放网络\n",
    "min_degree=3\n",
    "v3=MaxScc.vs.select(_degree_gt=min_degree)   ## 选择度大于1的节点并组成子图 ；尽量去除那些叶子节点\n",
    "rel_net=MaxScc.subgraph(v3)               ## 并构成子图求出子图中的最大联通分量\n",
    "rel_net=rel_net.decompose(maxcompno=True)[0]"
   ]
  },
  {
   "cell_type": "code",
   "execution_count": 8,
   "metadata": {
    "collapsed": false,
    "slideshow": {
     "slide_type": "subslide"
    }
   },
   "outputs": [
    {
     "name": "stdout",
     "output_type": "stream",
     "text": [
      "节点个数： 1964891\n",
      "边的个数: 7359208\n",
      "图密度: 3.81227628802e-06\n"
     ]
    }
   ],
   "source": [
    "print '节点个数：',rel_net.vcount()\n",
    "print '边的个数:',rel_net.ecount()\n",
    "print '图密度:',rel_net.density()\n",
    "# print '直径：',rel_net.diameter()\n",
    "# print '聚集系数：',rel_net.transitivity_undirected()"
   ]
  },
  {
   "cell_type": "raw",
   "metadata": {},
   "source": [
    "我们分析的网络节点数共120.5万人，边数共有512万人，我们队这个网络进行社区划分，主要是观察在有权重和权重的社区划分的效果上回有何不同。"
   ]
  },
  {
   "cell_type": "markdown",
   "metadata": {},
   "source": [
    "##  2 社区划分及相关分析"
   ]
  },
  {
   "cell_type": "markdown",
   "metadata": {},
   "source": [
    "### 2.1  社区划分"
   ]
  },
  {
   "cell_type": "code",
   "execution_count": 20,
   "metadata": {
    "collapsed": false
   },
   "outputs": [
    {
     "data": {
      "text/plain": [
       "0.8411610860973822"
      ]
     },
     "execution_count": 20,
     "metadata": {},
     "output_type": "execute_result"
    }
   ],
   "source": [
    "rel_comm_lpa.modularity"
   ]
  },
  {
   "cell_type": "code",
   "execution_count": 23,
   "metadata": {
    "collapsed": false
   },
   "outputs": [
    {
     "data": {
      "text/plain": [
       "0.8411610860973822"
      ]
     },
     "execution_count": 23,
     "metadata": {},
     "output_type": "execute_result"
    }
   ],
   "source": [
    "rel_net.modularity(rel_comm_lpa)"
   ]
  },
  {
   "cell_type": "code",
   "execution_count": 38,
   "metadata": {
    "collapsed": false
   },
   "outputs": [
    {
     "data": {
      "text/plain": [
       "0.8363356351580695"
      ]
     },
     "execution_count": 38,
     "metadata": {},
     "output_type": "execute_result"
    }
   ],
   "source": [
    "rel_net.modularity(rel_comm_lpa,weights='weight')"
   ]
  },
  {
   "cell_type": "code",
   "execution_count": 9,
   "metadata": {
    "collapsed": false
   },
   "outputs": [
    {
     "name": "stdout",
     "output_type": "stream",
     "text": [
      "CPU times: user 8min 8s, sys: 13 ms, total: 8min 8s\n",
      "Wall time: 8min 8s\n"
     ]
    }
   ],
   "source": [
    "%time rel_comm_lpa=rel_net.community_label_propagation()  ##无权重"
   ]
  },
  {
   "cell_type": "code",
   "execution_count": 26,
   "metadata": {
    "collapsed": false
   },
   "outputs": [
    {
     "name": "stdout",
     "output_type": "stream",
     "text": [
      "CPU times: user 4min 30s, sys: 301 ms, total: 4min 30s\n",
      "Wall time: 4min 53s\n"
     ]
    }
   ],
   "source": [
    "%time relW_comm=rel_net.community_label_propagation(weights='weight')  ##有权重"
   ]
  },
  {
   "cell_type": "raw",
   "metadata": {},
   "source": [
    "rel_comm_lpa.n   ## 节点数量\n",
    "rel_comm_lpa.size(43)  ##某一社区的规模\n",
    "rel_comm_lpa.sizes()  ## 返回所有社区的大小\n",
    "rel_comm_lpa.cluster_graph()  ##将每个社区转换为一个节点形成的网络\n",
    "rel_comm_lpa.giant()    ## 返回节点数最大的社区\n",
    "rel_comm_lpa.modularity   ##返回模块度\n",
    "rel_comm_lpa.q\n",
    "\n",
    "rel_comm_lpa.recalculate_modularity()  ##重新计算模块度\n",
    "\n",
    "rel_comm_lpa.subgraph(4)  ##返回某个社区的子图\n",
    "rel_comm_lpa.subgraphs()  ## 返回每个社区的子图\n",
    "\n",
    "rel_comm_lpa.summary()  ##返回社区划分的整体效果"
   ]
  },
  {
   "cell_type": "code",
   "execution_count": null,
   "metadata": {
    "collapsed": true
   },
   "outputs": [],
   "source": []
  },
  {
   "cell_type": "code",
   "execution_count": 91,
   "metadata": {
    "collapsed": false
   },
   "outputs": [],
   "source": [
    "# lpa_clus=[]\n",
    "# import time \n",
    "time1=time.time()\n",
    "time2=time.time()\n",
    "time_delat=time2-time1"
   ]
  },
  {
   "cell_type": "code",
   "execution_count": 92,
   "metadata": {
    "collapsed": true
   },
   "outputs": [
    {
     "name": "stdout",
     "output_type": "stream",
     "text": [
      "CPU times: user 5min 56s, sys: 35 ms, total: 5min 56s\n",
      "Wall time: 5min 56s\n",
      "CPU times: user 6min 14s, sys: 7 ms, total: 6min 14s\n",
      "Wall time: 6min 14s\n",
      "CPU times: user 5min 21s, sys: 23 ms, total: 5min 21s\n",
      "Wall time: 5min 21s\n",
      "CPU times: user 8min 47s, sys: 19 ms, total: 8min 47s\n",
      "Wall time: 8min 47s\n",
      "CPU times: user 6min 44s, sys: 15 ms, total: 6min 44s\n",
      "Wall time: 6min 44s\n",
      "CPU times: user 5min 53s, sys: 17 ms, total: 5min 53s\n",
      "Wall time: 5min 53s\n",
      "CPU times: user 6min 8s, sys: 22 ms, total: 6min 8s\n",
      "Wall time: 6min 8s\n",
      "CPU times: user 6min 25s, sys: 17 ms, total: 6min 25s\n",
      "Wall time: 6min 25s\n",
      "CPU times: user 8min 21s, sys: 38 ms, total: 8min 21s\n",
      "Wall time: 8min 21s\n",
      "CPU times: user 8min 28s, sys: 26 ms, total: 8min 28s\n",
      "Wall time: 8min 28s\n",
      "CPU times: user 8min 15s, sys: 30 ms, total: 8min 15s\n",
      "Wall time: 8min 15s\n",
      "CPU times: user 6min 28s, sys: 11 ms, total: 6min 28s\n",
      "Wall time: 6min 28s\n",
      "CPU times: user 7min 53s, sys: 3 ms, total: 7min 53s\n",
      "Wall time: 7min 52s\n",
      "CPU times: user 5min 34s, sys: 9 ms, total: 5min 34s\n",
      "Wall time: 5min 34s\n",
      "CPU times: user 6min 13s, sys: 9 ms, total: 6min 13s\n",
      "Wall time: 6min 13s\n",
      "CPU times: user 7min 48s, sys: 45 ms, total: 7min 48s\n",
      "Wall time: 7min 48s\n",
      "CPU times: user 5min 51s, sys: 50 ms, total: 5min 51s\n",
      "Wall time: 5min 51s\n",
      "CPU times: user 6min 31s, sys: 45 ms, total: 6min 31s\n",
      "Wall time: 6min 31s\n",
      "CPU times: user 7min 43s, sys: 56 ms, total: 7min 43s\n",
      "Wall time: 7min 43s\n",
      "CPU times: user 11min 1s, sys: 71 ms, total: 11min 1s\n",
      "Wall time: 11min 1s\n"
     ]
    }
   ],
   "source": [
    "for i in range(20):\n",
    "    %time lp=rel_net.community_label_propagation()\n",
    "    lpa_clus.append(lp)"
   ]
  },
  {
   "cell_type": "code",
   "execution_count": 175,
   "metadata": {
    "collapsed": true
   },
   "outputs": [],
   "source": [
    "lp_times=[374,321,327,404,353,488,365,501,508,495,388,472,334,313,468,411,351,391,483,661]"
   ]
  },
  {
   "cell_type": "code",
   "execution_count": 106,
   "metadata": {
    "collapsed": true
   },
   "outputs": [
    {
     "name": "stdout",
     "output_type": "stream",
     "text": [
      "CPU times: user 6min 4s, sys: 138 ms, total: 6min 4s\n",
      "Wall time: 6min 4s\n",
      "CPU times: user 6min 30s, sys: 163 ms, total: 6min 30s\n",
      "Wall time: 6min 30s\n",
      "CPU times: user 7min 22s, sys: 160 ms, total: 7min 23s\n",
      "Wall time: 7min 23s\n",
      "CPU times: user 7min 41s, sys: 153 ms, total: 7min 42s\n",
      "Wall time: 7min 41s\n",
      "CPU times: user 6min 20s, sys: 171 ms, total: 6min 21s\n",
      "Wall time: 6min 21s\n",
      "CPU times: user 8min 12s, sys: 170 ms, total: 8min 12s\n",
      "Wall time: 8min 12s\n",
      "CPU times: user 5min 51s, sys: 176 ms, total: 5min 51s\n",
      "Wall time: 5min 51s\n",
      "CPU times: user 4min 56s, sys: 197 ms, total: 4min 56s\n",
      "Wall time: 4min 56s\n",
      "CPU times: user 5min 5s, sys: 165 ms, total: 5min 5s\n",
      "Wall time: 5min 5s\n",
      "CPU times: user 6min 5s, sys: 174 ms, total: 6min 5s\n",
      "Wall time: 6min 5s\n",
      "CPU times: user 10min 22s, sys: 175 ms, total: 10min 22s\n",
      "Wall time: 10min 22s\n",
      "CPU times: user 5min 33s, sys: 144 ms, total: 5min 33s\n",
      "Wall time: 5min 33s\n",
      "CPU times: user 9min 8s, sys: 152 ms, total: 9min 8s\n",
      "Wall time: 9min 8s\n",
      "CPU times: user 7min 11s, sys: 159 ms, total: 7min 11s\n",
      "Wall time: 7min 11s\n",
      "CPU times: user 4min 4s, sys: 168 ms, total: 4min 5s\n",
      "Wall time: 4min 5s\n",
      "CPU times: user 8min 54s, sys: 166 ms, total: 8min 55s\n",
      "Wall time: 8min 54s\n",
      "CPU times: user 10min 11s, sys: 164 ms, total: 10min 11s\n",
      "Wall time: 10min 11s\n",
      "CPU times: user 3min 58s, sys: 172 ms, total: 3min 58s\n",
      "Wall time: 3min 58s\n",
      "CPU times: user 11min 29s, sys: 176 ms, total: 11min 29s\n",
      "Wall time: 11min 29s\n",
      "CPU times: user 10min 42s, sys: 166 ms, total: 10min 42s\n",
      "Wall time: 10min 42s\n"
     ]
    }
   ],
   "source": [
    "wlpa_clus=[]\n",
    "for i in range(20):\n",
    "    %time lp=rel_net.community_label_propagation(weights='weight')\n",
    "    wlpa_clus.append(lp)"
   ]
  },
  {
   "cell_type": "code",
   "execution_count": 188,
   "metadata": {
    "collapsed": true
   },
   "outputs": [],
   "source": [
    "wlp_times=[364,390,443,481,381,492,351,296,305,365,262,333,408,431,245,536,371,238,499,442]"
   ]
  },
  {
   "cell_type": "code",
   "execution_count": 85,
   "metadata": {
    "collapsed": false
   },
   "outputs": [
    {
     "data": {
      "text/plain": [
       "<itertools.permutations at 0x7fff4b65add0>"
      ]
     },
     "execution_count": 85,
     "metadata": {},
     "output_type": "execute_result"
    }
   ],
   "source": [
    "from itertools import combinations, permutations\n",
    "permutations([1, 2, 3,4], 2)"
   ]
  },
  {
   "cell_type": "code",
   "execution_count": 95,
   "metadata": {
    "collapsed": false
   },
   "outputs": [
    {
     "name": "stdout",
     "output_type": "stream",
     "text": [
      "CPU times: user 15min 20s, sys: 12.8 s, total: 15min 33s\n",
      "Wall time: 15min 33s\n"
     ]
    }
   ],
   "source": [
    "%time lpa_sims=[ig.clustering.compare_communities(clu[0],clu[1],method='nmi')  for clu  in  permutations(lpa_clus,2)]"
   ]
  },
  {
   "cell_type": "code",
   "execution_count": 108,
   "metadata": {
    "collapsed": true
   },
   "outputs": [],
   "source": [
    "wlpa_sims=[ig.clustering.compare_communities(clu[0],clu[1],method='nmi')  for clu  in  permutations(wlpa_clus,2)]"
   ]
  },
  {
   "cell_type": "code",
   "execution_count": 333,
   "metadata": {
    "collapsed": false
   },
   "outputs": [],
   "source": [
    "lpa_sims_vi=[ig.clustering.compare_communities(clu[0],clu[1],method='vi')  for clu  in  permutations(lpa_clus,2)]\n",
    "wlpa_sims_vi=[ig.clustering.compare_communities(clu[0],clu[1],method='vi')  for clu  in  permutations(wlpa_clus,2)]"
   ]
  },
  {
   "cell_type": "code",
   "execution_count": 325,
   "metadata": {
    "collapsed": false
   },
   "outputs": [],
   "source": [
    "ig.clustering.compare_communities?"
   ]
  },
  {
   "cell_type": "code",
   "execution_count": 312,
   "metadata": {
    "collapsed": false
   },
   "outputs": [],
   "source": [
    "import matplotlib.pylab as plt\n",
    "import seaborn as sns\n",
    "sns.set_style('whitegrid')\n",
    "sns.set_context('paper')\n",
    "def getTriHeat(lpa_sims,ax=None):\n",
    "    wlpa_sim_list=[]\n",
    "    i=0\n",
    "    for  line in pd.DataFrame(np.array(lpa_sims).reshape(20,19)).values:\n",
    "        wlpa_sim_list.append(np.insert(line,i,1.0))\n",
    "        i+=1\n",
    "    corr=pd.DataFrame(wlpa_sim_list)\n",
    "    mask = np.zeros_like(corr, dtype=np.bool)\n",
    "    mask[np.triu_indices_from(mask)] = True\n",
    "\n",
    "    # Set up the matplotlib figure\n",
    "#     f, ax = plt.subplots(figsize=(10, 8))\n",
    "\n",
    "    # Generate a custom diverging colormap\n",
    "    cmap = sns.diverging_palette(220, 10, as_cmap=True)\n",
    "\n",
    "    # Draw the heatmap with the mask and correct aspect ratio\n",
    "    sns.heatmap(corr, mask=mask, cmap=cmap, vmax=0.9, ax=ax)\n",
    "    #             square=True, xticklabels=5, yticklabels=5,\n",
    "    #             linewidths=.5, cbar_kws={\"shrink\": .5}, ax=ax)\n",
    "    return ax,corr"
   ]
  },
  {
   "cell_type": "markdown",
   "metadata": {},
   "source": [
    "### - 'NMI'"
   ]
  },
  {
   "cell_type": "code",
   "execution_count": 315,
   "metadata": {
    "collapsed": true
   },
   "outputs": [
    {
     "data": {
      "text/html": [
       "<div>\n",
       "<table border=\"1\" class=\"dataframe\">\n",
       "  <thead>\n",
       "    <tr style=\"text-align: right;\">\n",
       "      <th></th>\n",
       "      <th>0</th>\n",
       "      <th>1</th>\n",
       "      <th>2</th>\n",
       "      <th>3</th>\n",
       "      <th>4</th>\n",
       "      <th>5</th>\n",
       "      <th>6</th>\n",
       "      <th>7</th>\n",
       "      <th>8</th>\n",
       "      <th>9</th>\n",
       "      <th>10</th>\n",
       "      <th>11</th>\n",
       "      <th>12</th>\n",
       "      <th>13</th>\n",
       "      <th>14</th>\n",
       "      <th>15</th>\n",
       "      <th>16</th>\n",
       "      <th>17</th>\n",
       "      <th>18</th>\n",
       "      <th>19</th>\n",
       "    </tr>\n",
       "  </thead>\n",
       "  <tbody>\n",
       "    <tr>\n",
       "      <th>0</th>\n",
       "      <td>1.000000</td>\n",
       "      <td>0.851500</td>\n",
       "      <td>0.912085</td>\n",
       "      <td>0.760089</td>\n",
       "      <td>0.842135</td>\n",
       "      <td>0.817935</td>\n",
       "      <td>0.910024</td>\n",
       "      <td>0.886629</td>\n",
       "      <td>0.732596</td>\n",
       "      <td>0.912885</td>\n",
       "      <td>0.775678</td>\n",
       "      <td>0.892083</td>\n",
       "      <td>0.754496</td>\n",
       "      <td>0.900808</td>\n",
       "      <td>0.849986</td>\n",
       "      <td>0.814242</td>\n",
       "      <td>0.818460</td>\n",
       "      <td>0.882287</td>\n",
       "      <td>0.789908</td>\n",
       "      <td>0.821057</td>\n",
       "    </tr>\n",
       "    <tr>\n",
       "      <th>1</th>\n",
       "      <td>0.851500</td>\n",
       "      <td>1.000000</td>\n",
       "      <td>0.844847</td>\n",
       "      <td>0.716828</td>\n",
       "      <td>0.896012</td>\n",
       "      <td>0.834192</td>\n",
       "      <td>0.857843</td>\n",
       "      <td>0.900709</td>\n",
       "      <td>0.703165</td>\n",
       "      <td>0.852195</td>\n",
       "      <td>0.742328</td>\n",
       "      <td>0.834012</td>\n",
       "      <td>0.721822</td>\n",
       "      <td>0.829583</td>\n",
       "      <td>0.862828</td>\n",
       "      <td>0.778377</td>\n",
       "      <td>0.835865</td>\n",
       "      <td>0.883535</td>\n",
       "      <td>0.764024</td>\n",
       "      <td>0.834341</td>\n",
       "    </tr>\n",
       "    <tr>\n",
       "      <th>2</th>\n",
       "      <td>0.912085</td>\n",
       "      <td>0.844847</td>\n",
       "      <td>1.000000</td>\n",
       "      <td>0.767951</td>\n",
       "      <td>0.842641</td>\n",
       "      <td>0.825291</td>\n",
       "      <td>0.914993</td>\n",
       "      <td>0.868402</td>\n",
       "      <td>0.740258</td>\n",
       "      <td>0.907965</td>\n",
       "      <td>0.784241</td>\n",
       "      <td>0.888765</td>\n",
       "      <td>0.766210</td>\n",
       "      <td>0.903312</td>\n",
       "      <td>0.852469</td>\n",
       "      <td>0.812895</td>\n",
       "      <td>0.820632</td>\n",
       "      <td>0.879454</td>\n",
       "      <td>0.797325</td>\n",
       "      <td>0.821435</td>\n",
       "    </tr>\n",
       "    <tr>\n",
       "      <th>3</th>\n",
       "      <td>0.760089</td>\n",
       "      <td>0.716828</td>\n",
       "      <td>0.767951</td>\n",
       "      <td>1.000000</td>\n",
       "      <td>0.732118</td>\n",
       "      <td>0.788951</td>\n",
       "      <td>0.770702</td>\n",
       "      <td>0.714140</td>\n",
       "      <td>0.834914</td>\n",
       "      <td>0.786779</td>\n",
       "      <td>0.881796</td>\n",
       "      <td>0.779433</td>\n",
       "      <td>0.883921</td>\n",
       "      <td>0.771488</td>\n",
       "      <td>0.771100</td>\n",
       "      <td>0.807262</td>\n",
       "      <td>0.801354</td>\n",
       "      <td>0.736315</td>\n",
       "      <td>0.848937</td>\n",
       "      <td>0.770125</td>\n",
       "    </tr>\n",
       "    <tr>\n",
       "      <th>4</th>\n",
       "      <td>0.842135</td>\n",
       "      <td>0.896012</td>\n",
       "      <td>0.842641</td>\n",
       "      <td>0.732118</td>\n",
       "      <td>1.000000</td>\n",
       "      <td>0.859958</td>\n",
       "      <td>0.852223</td>\n",
       "      <td>0.897048</td>\n",
       "      <td>0.719173</td>\n",
       "      <td>0.838925</td>\n",
       "      <td>0.752254</td>\n",
       "      <td>0.835442</td>\n",
       "      <td>0.730560</td>\n",
       "      <td>0.829091</td>\n",
       "      <td>0.847225</td>\n",
       "      <td>0.801486</td>\n",
       "      <td>0.836651</td>\n",
       "      <td>0.881554</td>\n",
       "      <td>0.776363</td>\n",
       "      <td>0.879471</td>\n",
       "    </tr>\n",
       "    <tr>\n",
       "      <th>5</th>\n",
       "      <td>0.817935</td>\n",
       "      <td>0.834192</td>\n",
       "      <td>0.825291</td>\n",
       "      <td>0.788951</td>\n",
       "      <td>0.859958</td>\n",
       "      <td>1.000000</td>\n",
       "      <td>0.825114</td>\n",
       "      <td>0.837985</td>\n",
       "      <td>0.764663</td>\n",
       "      <td>0.839589</td>\n",
       "      <td>0.805173</td>\n",
       "      <td>0.821626</td>\n",
       "      <td>0.788287</td>\n",
       "      <td>0.817893</td>\n",
       "      <td>0.868485</td>\n",
       "      <td>0.816212</td>\n",
       "      <td>0.848930</td>\n",
       "      <td>0.860288</td>\n",
       "      <td>0.821957</td>\n",
       "      <td>0.893387</td>\n",
       "    </tr>\n",
       "    <tr>\n",
       "      <th>6</th>\n",
       "      <td>0.910024</td>\n",
       "      <td>0.857843</td>\n",
       "      <td>0.914993</td>\n",
       "      <td>0.770702</td>\n",
       "      <td>0.852223</td>\n",
       "      <td>0.825114</td>\n",
       "      <td>1.000000</td>\n",
       "      <td>0.884535</td>\n",
       "      <td>0.739924</td>\n",
       "      <td>0.912490</td>\n",
       "      <td>0.783767</td>\n",
       "      <td>0.899207</td>\n",
       "      <td>0.765579</td>\n",
       "      <td>0.910144</td>\n",
       "      <td>0.849544</td>\n",
       "      <td>0.818249</td>\n",
       "      <td>0.847722</td>\n",
       "      <td>0.880866</td>\n",
       "      <td>0.801678</td>\n",
       "      <td>0.826625</td>\n",
       "    </tr>\n",
       "    <tr>\n",
       "      <th>7</th>\n",
       "      <td>0.886629</td>\n",
       "      <td>0.900709</td>\n",
       "      <td>0.868402</td>\n",
       "      <td>0.714140</td>\n",
       "      <td>0.897048</td>\n",
       "      <td>0.837985</td>\n",
       "      <td>0.884535</td>\n",
       "      <td>1.000000</td>\n",
       "      <td>0.709369</td>\n",
       "      <td>0.863941</td>\n",
       "      <td>0.738956</td>\n",
       "      <td>0.838141</td>\n",
       "      <td>0.714583</td>\n",
       "      <td>0.858725</td>\n",
       "      <td>0.877737</td>\n",
       "      <td>0.793325</td>\n",
       "      <td>0.832873</td>\n",
       "      <td>0.905823</td>\n",
       "      <td>0.754647</td>\n",
       "      <td>0.865771</td>\n",
       "    </tr>\n",
       "    <tr>\n",
       "      <th>8</th>\n",
       "      <td>0.732596</td>\n",
       "      <td>0.703165</td>\n",
       "      <td>0.740258</td>\n",
       "      <td>0.834914</td>\n",
       "      <td>0.719173</td>\n",
       "      <td>0.764663</td>\n",
       "      <td>0.739924</td>\n",
       "      <td>0.709369</td>\n",
       "      <td>1.000000</td>\n",
       "      <td>0.750682</td>\n",
       "      <td>0.842173</td>\n",
       "      <td>0.754209</td>\n",
       "      <td>0.846834</td>\n",
       "      <td>0.743138</td>\n",
       "      <td>0.751177</td>\n",
       "      <td>0.790409</td>\n",
       "      <td>0.778975</td>\n",
       "      <td>0.727584</td>\n",
       "      <td>0.819894</td>\n",
       "      <td>0.759763</td>\n",
       "    </tr>\n",
       "    <tr>\n",
       "      <th>9</th>\n",
       "      <td>0.912885</td>\n",
       "      <td>0.852195</td>\n",
       "      <td>0.907965</td>\n",
       "      <td>0.786779</td>\n",
       "      <td>0.838925</td>\n",
       "      <td>0.839589</td>\n",
       "      <td>0.912490</td>\n",
       "      <td>0.863941</td>\n",
       "      <td>0.750682</td>\n",
       "      <td>1.000000</td>\n",
       "      <td>0.799318</td>\n",
       "      <td>0.905723</td>\n",
       "      <td>0.779168</td>\n",
       "      <td>0.908963</td>\n",
       "      <td>0.858321</td>\n",
       "      <td>0.811596</td>\n",
       "      <td>0.837968</td>\n",
       "      <td>0.889425</td>\n",
       "      <td>0.810817</td>\n",
       "      <td>0.818309</td>\n",
       "    </tr>\n",
       "    <tr>\n",
       "      <th>10</th>\n",
       "      <td>0.775678</td>\n",
       "      <td>0.742328</td>\n",
       "      <td>0.784241</td>\n",
       "      <td>0.881796</td>\n",
       "      <td>0.752254</td>\n",
       "      <td>0.805173</td>\n",
       "      <td>0.783767</td>\n",
       "      <td>0.738956</td>\n",
       "      <td>0.842173</td>\n",
       "      <td>0.799318</td>\n",
       "      <td>1.000000</td>\n",
       "      <td>0.793835</td>\n",
       "      <td>0.871726</td>\n",
       "      <td>0.784628</td>\n",
       "      <td>0.788151</td>\n",
       "      <td>0.826477</td>\n",
       "      <td>0.818347</td>\n",
       "      <td>0.760296</td>\n",
       "      <td>0.871758</td>\n",
       "      <td>0.785959</td>\n",
       "    </tr>\n",
       "    <tr>\n",
       "      <th>11</th>\n",
       "      <td>0.892083</td>\n",
       "      <td>0.834012</td>\n",
       "      <td>0.888765</td>\n",
       "      <td>0.779433</td>\n",
       "      <td>0.835442</td>\n",
       "      <td>0.821626</td>\n",
       "      <td>0.899207</td>\n",
       "      <td>0.838141</td>\n",
       "      <td>0.754209</td>\n",
       "      <td>0.905723</td>\n",
       "      <td>0.793835</td>\n",
       "      <td>1.000000</td>\n",
       "      <td>0.770305</td>\n",
       "      <td>0.896509</td>\n",
       "      <td>0.843985</td>\n",
       "      <td>0.834574</td>\n",
       "      <td>0.826335</td>\n",
       "      <td>0.868562</td>\n",
       "      <td>0.819548</td>\n",
       "      <td>0.813356</td>\n",
       "    </tr>\n",
       "    <tr>\n",
       "      <th>12</th>\n",
       "      <td>0.754496</td>\n",
       "      <td>0.721822</td>\n",
       "      <td>0.766210</td>\n",
       "      <td>0.883921</td>\n",
       "      <td>0.730560</td>\n",
       "      <td>0.788287</td>\n",
       "      <td>0.765579</td>\n",
       "      <td>0.714583</td>\n",
       "      <td>0.846834</td>\n",
       "      <td>0.779168</td>\n",
       "      <td>0.871726</td>\n",
       "      <td>0.770305</td>\n",
       "      <td>1.000000</td>\n",
       "      <td>0.768162</td>\n",
       "      <td>0.770124</td>\n",
       "      <td>0.809093</td>\n",
       "      <td>0.797693</td>\n",
       "      <td>0.740653</td>\n",
       "      <td>0.849203</td>\n",
       "      <td>0.770573</td>\n",
       "    </tr>\n",
       "    <tr>\n",
       "      <th>13</th>\n",
       "      <td>0.900808</td>\n",
       "      <td>0.829583</td>\n",
       "      <td>0.903312</td>\n",
       "      <td>0.771488</td>\n",
       "      <td>0.829091</td>\n",
       "      <td>0.817893</td>\n",
       "      <td>0.910144</td>\n",
       "      <td>0.858725</td>\n",
       "      <td>0.743138</td>\n",
       "      <td>0.908963</td>\n",
       "      <td>0.784628</td>\n",
       "      <td>0.896509</td>\n",
       "      <td>0.768162</td>\n",
       "      <td>1.000000</td>\n",
       "      <td>0.847885</td>\n",
       "      <td>0.834368</td>\n",
       "      <td>0.817554</td>\n",
       "      <td>0.878332</td>\n",
       "      <td>0.805998</td>\n",
       "      <td>0.813373</td>\n",
       "    </tr>\n",
       "    <tr>\n",
       "      <th>14</th>\n",
       "      <td>0.849986</td>\n",
       "      <td>0.862828</td>\n",
       "      <td>0.852469</td>\n",
       "      <td>0.771100</td>\n",
       "      <td>0.847225</td>\n",
       "      <td>0.868485</td>\n",
       "      <td>0.849544</td>\n",
       "      <td>0.877737</td>\n",
       "      <td>0.751177</td>\n",
       "      <td>0.858321</td>\n",
       "      <td>0.788151</td>\n",
       "      <td>0.843985</td>\n",
       "      <td>0.770124</td>\n",
       "      <td>0.847885</td>\n",
       "      <td>1.000000</td>\n",
       "      <td>0.824235</td>\n",
       "      <td>0.834353</td>\n",
       "      <td>0.885352</td>\n",
       "      <td>0.800031</td>\n",
       "      <td>0.884989</td>\n",
       "    </tr>\n",
       "    <tr>\n",
       "      <th>15</th>\n",
       "      <td>0.814242</td>\n",
       "      <td>0.778377</td>\n",
       "      <td>0.812895</td>\n",
       "      <td>0.807262</td>\n",
       "      <td>0.801486</td>\n",
       "      <td>0.816212</td>\n",
       "      <td>0.818249</td>\n",
       "      <td>0.793325</td>\n",
       "      <td>0.790409</td>\n",
       "      <td>0.811596</td>\n",
       "      <td>0.826477</td>\n",
       "      <td>0.834574</td>\n",
       "      <td>0.809093</td>\n",
       "      <td>0.834368</td>\n",
       "      <td>0.824235</td>\n",
       "      <td>1.000000</td>\n",
       "      <td>0.861809</td>\n",
       "      <td>0.787930</td>\n",
       "      <td>0.839278</td>\n",
       "      <td>0.833385</td>\n",
       "    </tr>\n",
       "    <tr>\n",
       "      <th>16</th>\n",
       "      <td>0.818460</td>\n",
       "      <td>0.835865</td>\n",
       "      <td>0.820632</td>\n",
       "      <td>0.801354</td>\n",
       "      <td>0.836651</td>\n",
       "      <td>0.848930</td>\n",
       "      <td>0.847722</td>\n",
       "      <td>0.832873</td>\n",
       "      <td>0.778975</td>\n",
       "      <td>0.837968</td>\n",
       "      <td>0.818347</td>\n",
       "      <td>0.826335</td>\n",
       "      <td>0.797693</td>\n",
       "      <td>0.817554</td>\n",
       "      <td>0.834353</td>\n",
       "      <td>0.861809</td>\n",
       "      <td>1.000000</td>\n",
       "      <td>0.815204</td>\n",
       "      <td>0.831323</td>\n",
       "      <td>0.851915</td>\n",
       "    </tr>\n",
       "    <tr>\n",
       "      <th>17</th>\n",
       "      <td>0.882287</td>\n",
       "      <td>0.883535</td>\n",
       "      <td>0.879454</td>\n",
       "      <td>0.736315</td>\n",
       "      <td>0.881554</td>\n",
       "      <td>0.860288</td>\n",
       "      <td>0.880866</td>\n",
       "      <td>0.905823</td>\n",
       "      <td>0.727584</td>\n",
       "      <td>0.889425</td>\n",
       "      <td>0.760296</td>\n",
       "      <td>0.868562</td>\n",
       "      <td>0.740653</td>\n",
       "      <td>0.878332</td>\n",
       "      <td>0.885352</td>\n",
       "      <td>0.787930</td>\n",
       "      <td>0.815204</td>\n",
       "      <td>1.000000</td>\n",
       "      <td>0.782650</td>\n",
       "      <td>0.866587</td>\n",
       "    </tr>\n",
       "    <tr>\n",
       "      <th>18</th>\n",
       "      <td>0.789908</td>\n",
       "      <td>0.764024</td>\n",
       "      <td>0.797325</td>\n",
       "      <td>0.848937</td>\n",
       "      <td>0.776363</td>\n",
       "      <td>0.821957</td>\n",
       "      <td>0.801678</td>\n",
       "      <td>0.754647</td>\n",
       "      <td>0.819894</td>\n",
       "      <td>0.810817</td>\n",
       "      <td>0.871758</td>\n",
       "      <td>0.819548</td>\n",
       "      <td>0.849203</td>\n",
       "      <td>0.805998</td>\n",
       "      <td>0.800031</td>\n",
       "      <td>0.839278</td>\n",
       "      <td>0.831323</td>\n",
       "      <td>0.782650</td>\n",
       "      <td>1.000000</td>\n",
       "      <td>0.804185</td>\n",
       "    </tr>\n",
       "    <tr>\n",
       "      <th>19</th>\n",
       "      <td>0.821057</td>\n",
       "      <td>0.834341</td>\n",
       "      <td>0.821435</td>\n",
       "      <td>0.770125</td>\n",
       "      <td>0.879471</td>\n",
       "      <td>0.893387</td>\n",
       "      <td>0.826625</td>\n",
       "      <td>0.865771</td>\n",
       "      <td>0.759763</td>\n",
       "      <td>0.818309</td>\n",
       "      <td>0.785959</td>\n",
       "      <td>0.813356</td>\n",
       "      <td>0.770573</td>\n",
       "      <td>0.813373</td>\n",
       "      <td>0.884989</td>\n",
       "      <td>0.833385</td>\n",
       "      <td>0.851915</td>\n",
       "      <td>0.866587</td>\n",
       "      <td>0.804185</td>\n",
       "      <td>1.000000</td>\n",
       "    </tr>\n",
       "  </tbody>\n",
       "</table>\n",
       "</div>"
      ],
      "text/plain": [
       "          0         1         2         3         4         5         6   \\\n",
       "0   1.000000  0.851500  0.912085  0.760089  0.842135  0.817935  0.910024   \n",
       "1   0.851500  1.000000  0.844847  0.716828  0.896012  0.834192  0.857843   \n",
       "2   0.912085  0.844847  1.000000  0.767951  0.842641  0.825291  0.914993   \n",
       "3   0.760089  0.716828  0.767951  1.000000  0.732118  0.788951  0.770702   \n",
       "4   0.842135  0.896012  0.842641  0.732118  1.000000  0.859958  0.852223   \n",
       "5   0.817935  0.834192  0.825291  0.788951  0.859958  1.000000  0.825114   \n",
       "6   0.910024  0.857843  0.914993  0.770702  0.852223  0.825114  1.000000   \n",
       "7   0.886629  0.900709  0.868402  0.714140  0.897048  0.837985  0.884535   \n",
       "8   0.732596  0.703165  0.740258  0.834914  0.719173  0.764663  0.739924   \n",
       "9   0.912885  0.852195  0.907965  0.786779  0.838925  0.839589  0.912490   \n",
       "10  0.775678  0.742328  0.784241  0.881796  0.752254  0.805173  0.783767   \n",
       "11  0.892083  0.834012  0.888765  0.779433  0.835442  0.821626  0.899207   \n",
       "12  0.754496  0.721822  0.766210  0.883921  0.730560  0.788287  0.765579   \n",
       "13  0.900808  0.829583  0.903312  0.771488  0.829091  0.817893  0.910144   \n",
       "14  0.849986  0.862828  0.852469  0.771100  0.847225  0.868485  0.849544   \n",
       "15  0.814242  0.778377  0.812895  0.807262  0.801486  0.816212  0.818249   \n",
       "16  0.818460  0.835865  0.820632  0.801354  0.836651  0.848930  0.847722   \n",
       "17  0.882287  0.883535  0.879454  0.736315  0.881554  0.860288  0.880866   \n",
       "18  0.789908  0.764024  0.797325  0.848937  0.776363  0.821957  0.801678   \n",
       "19  0.821057  0.834341  0.821435  0.770125  0.879471  0.893387  0.826625   \n",
       "\n",
       "          7         8         9         10        11        12        13  \\\n",
       "0   0.886629  0.732596  0.912885  0.775678  0.892083  0.754496  0.900808   \n",
       "1   0.900709  0.703165  0.852195  0.742328  0.834012  0.721822  0.829583   \n",
       "2   0.868402  0.740258  0.907965  0.784241  0.888765  0.766210  0.903312   \n",
       "3   0.714140  0.834914  0.786779  0.881796  0.779433  0.883921  0.771488   \n",
       "4   0.897048  0.719173  0.838925  0.752254  0.835442  0.730560  0.829091   \n",
       "5   0.837985  0.764663  0.839589  0.805173  0.821626  0.788287  0.817893   \n",
       "6   0.884535  0.739924  0.912490  0.783767  0.899207  0.765579  0.910144   \n",
       "7   1.000000  0.709369  0.863941  0.738956  0.838141  0.714583  0.858725   \n",
       "8   0.709369  1.000000  0.750682  0.842173  0.754209  0.846834  0.743138   \n",
       "9   0.863941  0.750682  1.000000  0.799318  0.905723  0.779168  0.908963   \n",
       "10  0.738956  0.842173  0.799318  1.000000  0.793835  0.871726  0.784628   \n",
       "11  0.838141  0.754209  0.905723  0.793835  1.000000  0.770305  0.896509   \n",
       "12  0.714583  0.846834  0.779168  0.871726  0.770305  1.000000  0.768162   \n",
       "13  0.858725  0.743138  0.908963  0.784628  0.896509  0.768162  1.000000   \n",
       "14  0.877737  0.751177  0.858321  0.788151  0.843985  0.770124  0.847885   \n",
       "15  0.793325  0.790409  0.811596  0.826477  0.834574  0.809093  0.834368   \n",
       "16  0.832873  0.778975  0.837968  0.818347  0.826335  0.797693  0.817554   \n",
       "17  0.905823  0.727584  0.889425  0.760296  0.868562  0.740653  0.878332   \n",
       "18  0.754647  0.819894  0.810817  0.871758  0.819548  0.849203  0.805998   \n",
       "19  0.865771  0.759763  0.818309  0.785959  0.813356  0.770573  0.813373   \n",
       "\n",
       "          14        15        16        17        18        19  \n",
       "0   0.849986  0.814242  0.818460  0.882287  0.789908  0.821057  \n",
       "1   0.862828  0.778377  0.835865  0.883535  0.764024  0.834341  \n",
       "2   0.852469  0.812895  0.820632  0.879454  0.797325  0.821435  \n",
       "3   0.771100  0.807262  0.801354  0.736315  0.848937  0.770125  \n",
       "4   0.847225  0.801486  0.836651  0.881554  0.776363  0.879471  \n",
       "5   0.868485  0.816212  0.848930  0.860288  0.821957  0.893387  \n",
       "6   0.849544  0.818249  0.847722  0.880866  0.801678  0.826625  \n",
       "7   0.877737  0.793325  0.832873  0.905823  0.754647  0.865771  \n",
       "8   0.751177  0.790409  0.778975  0.727584  0.819894  0.759763  \n",
       "9   0.858321  0.811596  0.837968  0.889425  0.810817  0.818309  \n",
       "10  0.788151  0.826477  0.818347  0.760296  0.871758  0.785959  \n",
       "11  0.843985  0.834574  0.826335  0.868562  0.819548  0.813356  \n",
       "12  0.770124  0.809093  0.797693  0.740653  0.849203  0.770573  \n",
       "13  0.847885  0.834368  0.817554  0.878332  0.805998  0.813373  \n",
       "14  1.000000  0.824235  0.834353  0.885352  0.800031  0.884989  \n",
       "15  0.824235  1.000000  0.861809  0.787930  0.839278  0.833385  \n",
       "16  0.834353  0.861809  1.000000  0.815204  0.831323  0.851915  \n",
